1153.8961038961038 293.2900432900433 1177.7056277056276 173.1601731601732
825.9740259740261 301.94805194805195 802.1645021645022 208.87445887445892
465.58441558441547 312.7705627705628 449.35064935064923 243.50649350649354
283.7662337662337 320.34632034632034 41.341991341991275 282.46753246753246
367.09956709956697 398.26839826839824 333.5497835497835 491.34199134199133
754.5454545454545 459.95670995671 759.95670995671 380.952380952381
921.2121212121212 521.6450216450216 1078.138528138528 626.6233766233765
650.6493506493505 587.6623376623377 633.3333333333333 709.95670995671
203.67965367965365 699.1341991341992 422.2943722943722 752.1645021645022
567.3160173160172 819.2640692640693 566.2337662337661 893.939393939394
962.3376623376623 809.5238095238096 959.090909090909 905.8441558441557
1165.8008658008657 755.4112554112555 1267.5324675324675 887.4458874458874
1340.04329004329 712.1212121212122 1355.1948051948052 838.7445887445888
